1907

1591

1698

1884

815

1408

1282

538

101

943

814

1912

1268

1524

1235

1866

1500

53

1757

1493

184

616

994

1642

977

1051

1051

1155

1257

1071

1559

1438

1510

1830

67

1314

1940

983

429

146

1504

1800

1672

1566

1260

1352

1992

1908

578

1001

1585

999

1533

1324

519

1609

503

83

1405

1084

1473

1126

1293

228

1733

1640

1737

237

435

1433

192

217

1775

1348

1717

1750

328

1872

645

55

746

1440

1533

398

1046

1114

228

146

1012

114

1185

1156

1954

1327

145

323

36

1525

287

580

1677

203

439

622

1854

121

511

1001

1359

864

922

816

1505

1467

886

161

1243

840

1533

1510

1982

1268

784

202

798

484

817

734

221

163

697

1386

973

1340

640

195

913

1140

1862

625

69

93

569

1799

745

610

1361

1299

1529

612

1048

294

1684

1548

238

1521

1250

983

1512

274

1601

1774

1728

1802

1439

1854

171

1672

1473

77

1848

165

1134

1817

1978

366

1457

677

1486

1437

982

523

1244

391

1232

1715

1252

1789

1560

518

1338

984

1750

1755

942

1613

1753

1046

1813

1269

874

1238

1108

579

98

1185

1661

967

1294

1898

1891

1534

1751

1957

1411

234

323

292

1352

260

789

1421

1666

1709

1934

1364

53

850

713

1256

949

1757

1689

377

1267

1894

23

913

407

1145

438

1830

2

1840

1859

179

532

368

1408

1904

902

884

1860

1895

251

1822

1901

506

797

436

1800

319

1113

706

945

1110

206

565

1985

65

1637

861

160

1695

1430

1992

90

1659

1190

454

72

1673

910

1929

782

915

435

118

1219

1441

981

500

937

1145

957

1340

214

515

443

711

1313

1412

749

125

1486

1264

252

41

860

460

1244

1806

124

1455

1482

1322

1032

582

1483

1131

177

738

1266

1933

1354

936

1052

1145

1984

195

658

1452

958

234

628

171

1493

1329

422

574

758

1136

389

1724

1957

1553

909

1541

1906

458

67

557

1237

1850

856

310

93

1734

1057

1021

1793

373

977

760

1962

61

247

861

245

1006

5

1192

1121

1497

199

1433

434

932

1991

1748

389

1265

514

445

1770

377

247

433

140

405

1921

178

1617

1386

894

17

852

9

1281

1273

466

33

608

1707

797

1159

1634

1310

1934

317

1761

1462

545

570

872

1212

1910

22

129

1095

1526

18

672

1441

1960

862

514

199

618

616

20

1241

1851

1768

1277

348

1921

1808

1662

224

667

18

1745

1751

1023

1831

858

1874

968

364

1703

1237

69

943

306

217

631

1564

1089

615

265

1856

942

1502

1091

571

174

696

830

1990

1497

1944

208

565

1340

207

1644

1654

493

574

1479

272

1691

1838

1432

858

420

236

280

778

1170

541

395

1219

1797

792

1691

182

49

827

1772

1310

1803

37

444

434

779

832

1804

1900

117

1619

1878

1054

1571

550

693

520

644

1038

1065

1458

884

573

835

1883

648

55

1088

1167

169

1979

1163

941

1733

1011

1530

143

523

91

917

354

872

684

300

382

232

1637

1151

1117

745

1198

1285

41

621

1641

162

1404

1981

1028

1254

158

1594

1572

1521

1406

715

691

1613

1222

1587

1650

1782

334

1434

508

1227

894

1608

1599

643

729

268

617

1929

1797

298

688

285

132

629

296

889

612

690

736

1287

1394

1928

697

1205

430

1

1494

669

642

270

1056

1694

1284

255

1145

1100

142

1809

117

763

1658

1928

1861

58

355

1345

1721

1479

331

1087

1140

623

1184

1329

1852

1246

333

785

1958

1437

516

725

1666

1911

1777

112

1595

49

652

508

1144

331

68

1211

1716

1805

885

123

1987

123

636

337

36

1156

1402

1340

1920

488

693

1988

1185

1251

1076

1271

380

1003

526

699

1479

480

638

1079

612

1647

372

1004

519

1595

878

356

871

384

1728

119

381

1202

102

685

487

1670

1019

1956

667

263

1484

1023

469

397

323

1169

901

1167

1979

701

162

1792

1401

1167

1623

1996

370

1696

418

925

59

920

1474

1658

1674

799

1809

1694

1492

579

1548

1781

1442

50

354

1251

1724

1188

988

1945

1826

38

1448

1127

1212

64

807

655

700

1538

1352

933

1811

119

596

1008

1654

176

446

212

830

136

1102

329

1440

742

1237

1884

851

1980

876

1974

1699

1817

1767

490

596

1311

1253

1212

1581

534

1518

1611

486

466

1225

783

1278

1655

233

429

1483

270

21

340

232

909

1834

1243

261

124

1128

348

90

1107

1264

1866

1256

1757

1132

254

1471

1763

66

1268

133

1978

1836

572

594

1274

515

267

522

1757

1892

1627

286

921

229

454

1257

1433

1785

1178

323

1871

1153

1114

1818

1959

691

751

1173

1279

102

1239

1354

811

1850

1343

525

359

531

1722

440

1205

1422

1795

690

945

1639

333

1923

1895

1971

665

428

1168

775

76

935

1441

1504

802

814

160

1920

413

674

512

1947

1719

1992

956

891

374

93

33

1043

454

240

445

1155

1053

885

242

201

1361

1463

732

405

1273

1730

1130

1674

1738

1536

586

1943

22

443

1211

1387

1820

1703

657

1155

1445

737

893

142

1265

1550

1548

1951

1480

74

1944

1121

1557

364

1303

458

1331

1401

786

1259

1395

648

854

1433

1099

552

828

1689

1032

1280

680

706

101

805

15

224

1424

1121

615

1056

889

1723

634

1721

878

1175

1907

224

828

235

787

1212

1855

211

848

1129

860

174

1627

1836

1339

1000

1208

1148

1410

1257

478

1650

826

1464

1815

11

846

445

1006

620

192

656

1723

1728

1971

292

862

775

1468

280

1923

1890

513

1752

1962

961

1392

347

415

952

1714

327

783

1657

1036

76

1050

1445

388

1169

1304

972

1816

491

839

618

1472

560

997

668

894

1444

1782

881

863

942

783

1427

1475

129

386

815

1305

345

1272

1721

1718

1133

1377

555

27

85

990

315

686

1650

176

24

33

283

568

301

1203

1183

1456

136

1792

505

518

813

998

612

727

1413

1836

1791

1768

1086

728

1744

1286

487

1402

120

289

1731

1082

1655

1644

1733

600

899

1130

776

450

350

1276

303

63

304

420

364

1976

1355

1287

242

1497

174

1858

763

244

849

483

258

828

892

555

28

479

1548

1906

500

1384

1881

679

424

1850

1700

1179

838

246

1912

887

781

1649

1727

279

479

1492

1538

1900

204

1692

1181

1933

1248

1275

987

877

1888

1316

1989

153

1359

68

1458

397

1549

809

1200

1708

1811

1605

1786

826

1756

1968

94

1722

1149

1632

882

373

220

1218

1371

7

1567

34

1299

1581

245

1447

1426

1330

159

1773

806

1600

4

1248

646

1706

1805

1886

580

1928

1639

363

420

301

961

945

1424

678

436

313

1049

949

1284

381

465

1379

537

949

724

1983

1020

1164

1494

670

1962

1163

1285

128

1061

1501

595

1837

266

499

1113

1530

84

186

334

1850

1720

402

505

721

1893

1501

1148

9

444

1099

391

807

1017

1929

174

386

1603

1107

826

1196

1437

105

423

525

70

1128

1636

1197

1098

934

1752

574

197

456

1289

1905

1776

495

574

295

1967

10

41

322

369

415

962

1769

1554

1898

1587

1319

1408

77

1391

1110

505

557

1582

38

1669

678

569

1543

595

1205

936

1898

554

1897

114

1487

1560

792

153

1052

755

640

481

1231

608

1635

1749

1418

1361

1746

1826

705

447

1420

426

271

1112

250

399

916

1628

1941

1277

1516

1644

1735

764

674

1358

1426

877

1034

94

1373

595

1098

564

1629

1744

942

659

464

1549

524

352

798

831

491

399

1684

1036

1882

127

152

73

1691

920

1680

1900

738

1197

110

558

1395

1001

820

756

1454

1468

1720

112

1521

564

535

562

899

31

915

346

1151

1468

152

555

1552

1260

1435

967

358

83

336

1773

691

466

1806

1074

1700

1645

1451

800

548

567

447

129

1930

932

1234

1452

1342

249

752

426

111

927

304

77

254

1888

408

694

1068

265

1876

1494

539

759

124

1486

1077

867

1699

1936

1396

1643

732

1906

1066

1061

110

200

1582

160

1038

1933

699

398

767

1116

1480

1566

247

1720

16

1933

1745

622

751

1983

1336

214

1398

885

753

411

589

1941

214

1408

299

1933

1857

789

1363

1984

1287

241

1922

1256

981

615

920

1033

498

1532

933

1155

390

172

1897

1708

433

1429

104

636

1705

919

1141

1316

1450

1145

972

916

632

1991

1499

329

500

595

1179

824

614

1603

1614

220

182

264

475

454

1801

1361

1027

1902

32

371

849

922

1945

843

1989

1255

481

1513

580

1925

75

36

1481

375

565

515

1415

1702

312

1478

274

1588

722

1404

882

1968

1226

1930

296

173

1540

197

23

1968

1764

384

1163

4

1121

1511

1296

1317

711

1951

559

348

97

1673

276

1439

39

858

381

1203

384

779

1943

455

1237

1539

112

1422

603

349

1236

722

123

1661

1605

1685

1965

678

887

262

760

1712

1511

1445

52

89

1769

1122

532

1323

1426

1006

694

678

1651

1551

1995

1543

752

1644

1077

533

1596

625

1146

687

595

1315

1134

196

1070

337

905

1925

1023

1675

1211

1587

298

300

1844

1658

1522

951

1927

40

152

1668

1229

1628

641

1979

1305

1396

1385

1060

1493

1842

620

1663

1432

1074

1094

1244

40

611

1852

1296

1506

1787

1262

835

1359

1352

284

130

865

77

760

768

383

93

807

776

988

1861

461

1712

1871

207

615

596

1184

1781

1554

681

974

72

1221

173

1432

1795

1236

789

1333

302

731

129

1766

1955

263

920

940

376

1641

198

201

333

1551

1869

360

457

1371

45

1984

742

1008

1473

1259

306

500

588

1305

1910

1455

1819

886

210

1534

854

1318

1476

1927

1896

396

1770

921

1268

870

1085

132

1221

1526

59

1539

795

56

135

816

1143

48

233

1771

479

166

971

784

402

259

1824

345

1108

661

180

1648

610

546

1412

1047

240

905

303

1412

1451

913

672

850

1712

1499

777

1441

893

1925

566

1457

1104

900

146

1861

39

1726

1586

1543

1267

1964

1595

1677

1370

1874

301

274

401

273

1076

195

895

337

1913

1242

781

539

602

1879

949

852

1751

699

164

1286

2

650

1813

1832

837

1009

708

1720

1622

687

1773

1592

1791

714

1143

1883

716

1259

787

1098

1545

120

75

1295

1635

1421

1100

854

461

851

1053

396

383

1020

226

1381

221

1300

1991

370

1834

1788

60

1923

1219

341

105

627

432

701

69

1458

1527

1723

609

1676

787

338

1959

1267

1948

1891

918

1640

981

1392

555

1715

1996

1488

560

1297

1652

434

1669

622

1265

340

571

866

1404

589

1635

1379

992

1076

1417

1819

1432

515

1281

290

814

162

153

1321

1301

1976

34

1497

331

356

504

1285

854

1013

1120

1162

891

1590

316

730

1227

1404

1581

1016

1309

1977

658

138

445

1682

561

1231

902

1985

1383

955

1246

1629

754

1836

1373

1296

886

999

1014

819

1663

1005

1787

1224

1329

1695

1239

473

1742

1492

829

975

435

432

1795

783

1631

